NB_Thread;Run_ID;Eff
2;0;3.83239652529e-05
2;1;4.02533276084e-05
2;2;4.38699110903e-05
2;3;3.26257177658e-05
2;4;2.77818936139e-05
2;5;4.03269168728e-05
2;6;3.50172751891e-05
2;7;2.82762780878e-05
2;8;3.75450540649e-05
2;9;2.61378685439e-05
2;10;2.11029825549e-05
2;11;2.54582484725e-05
2;12;2.55015300918e-05
2;13;1.94876058827e-05
2;14;2.31939633845e-05
2;15;2.29287679609e-05
2;16;3.20266461696e-05
2;17;2.36086628053e-05
2;18;1.89174191596e-05
2;19;2.53498276212e-05
2;20;2.39815821449e-05
2;21;2.28547050219e-05
2;22;2.36712536296e-05
2;23;1.81703653455e-05
2;24;2.57962440669e-05
2;25;2.40292195309e-05
2;26;2.09696359671e-05
2;27;2.21108490566e-05
2;28;2.3377594913e-05
2;29;2.33150957473e-05
2;30;3.39643148266e-05
2;31;1.91121757301e-05
2;32;1.82242309375e-05
2;33;2.31096320947e-05
2;34;2.77983691623e-05
2;35;2.45788818247e-05
2;36;2.39173416672e-05
2;37;2.19336725741e-05
2;38;2.41873065015e-05
2;39;2.7660986944e-05
2;40;2.38868717753e-05
2;41;2.76977620208e-05
2;42;2.13116617413e-05
2;43;1.86353923371e-05
2;44;2.53858651503e-05
2;45;2.67570460221e-05
2;46;2.0190599257e-05
2;47;2.20822046873e-05
2;48;2.47770069376e-05
2;49;2.56375196554e-05
2;50;2.56305105598e-05
2;51;2.4077046549e-05
2;52;1.95883827831e-05
2;53;2.36205593348e-05
2;54;2.63010239865e-05
2;55;2.36354468675e-05
2;56;1.73106217975e-05
2;57;2.41748323878e-05
2;58;2.16188170183e-05
2;59;2.5269541779e-05
2;60;3.55585055945e-05
2;61;2.9667721519e-05
2;62;2.42954324587e-05
2;63;2.62641826586e-05
2;64;1.8126450116e-05
2;65;2.25347034433e-05
2;66;2.19889761933e-05
2;67;2.28784088829e-05
2;68;1.87481251875e-05
2;69;2.33325037332e-05
2;70;2.20354918322e-05
2;71;2.51660962352e-05
2;72;2.71621034333e-05
2;73;2.4986673774e-05
2;74;2.304430652e-05
2;75;2.64251990698e-05
2;76;2.26285300507e-05
2;77;2.11482066321e-05
2;78;2.25468975469e-05
2;79;2.29119569866e-05
2;80;2.20822046873e-05
2;81;2.31982678627e-05
2;82;1.99224353185e-05
2;83;1.95210827694e-05
2;84;2.32933722591e-05
2;85;4.17967008471e-05
2;86;4.41800188501e-05
2;87;3.84221311475e-05
2;88;4.19791783275e-05
2;89;4.1272287035e-05
2;90;4.03746770026e-05
2;91;3.77909906278e-05
2;92;2.80436733473e-05
2;93;3.74475733972e-05
2;94;3.15179021684e-05
2;95;2.55015300918e-05
2;96;1.73699569225e-05
2;97;2.44522691706e-05
2;98;2.6271542665e-05
2;99;2.22909112525e-05
4;0;2.05896886839e-05
4;1;2.01353092784e-05
4;2;1.8358954274e-05
4;3;3.55585055945e-05
4;4;2.56884504727e-05
4;5;2.05840377648e-05
4;6;1.78767221242e-05
4;7;2.38201105253e-05
4;8;1.99925361198e-05
4;9;1.74030072397e-05
4;10;1.78460952744e-05
4;11;2.56831723855e-05
4;12;2.06953642384e-05
4;13;1.84383911889e-05
4;14;3.18687855868e-05
4;15;2.21526465028e-05
4;16;1.85423259494e-05
4;17;1.79528916124e-05
4;18;2.83639664171e-05
4;19;2.10851841439e-05
4;20;2.60272071072e-05
4;21;1.850024667e-05
4;22;2.22935616194e-05
4;23;3.93081761006e-05
4;24;2.61743561108e-05
4;25;2.10721510452e-05
4;26;2.04337401918e-05
4;27;2.33020567949e-05
4;28;2.04437660143e-05
4;29;1.86030360155e-05
4;30;2.67265341031e-05
4;31;2.37462006079e-05
4;32;2.92625829107e-05
4;33;2.29920294298e-05
4;34;2.58353427489e-05
4;35;2.13237802798e-05
4;36;1.85717115689e-05
4;37;2.38004569688e-05
4;38;2.679528403e-05
4;39;2.02221742882e-05
4;40;1.99457475666e-05
4;41;2.0552449852e-05
4;42;2.37883785841e-05
4;43;1.68048397939e-05
4;44;2.74644792735e-05
4;45;2.32083178611e-05
4;46;2.43981782694e-05
4;47;2.10721510452e-05
4;48;1.94784957407e-05
4;49;2.73084765511e-05
4;50;2.53618287569e-05
4;51;1.85892033907e-05
4;52;1.92169724301e-05
4;53;1.78528921685e-05
4;54;2.23680286311e-05
4;55;1.86706497386e-05
4;56;2.14592274678e-05
4;57;2.57219288017e-05
4;58;2.25374121041e-05
4;59;2.13931199726e-05
4;60;1.90065889508e-05
4;61;1.87650120096e-05
4;62;1.83535630384e-05
4;63;2.29863920559e-05
4;64;2.86894652284e-05
4;65;2.29329745597e-05
4;66;2.15852184424e-05
4;67;3.37990085624e-05
4;68;2.60688216893e-05
4;69;3.0612244898e-05
4;70;2.65449139945e-05
4;71;1.92130341223e-05
4;72;1.7161685964e-05
4;73;2.30160191493e-05
4;74;2.16913465988e-05
4;75;1.79899256416e-05
4;76;2.01732207219e-05
4;77;1.98025030364e-05
4;78;1.86252110857e-05
4;79;2.00277718436e-05
4;80;1.99213769656e-05
4;81;2.94764974061e-05
4;82;3.09738168002e-05
4;83;3.46580406654e-05
4;84;2.64345129e-05
4;85;2.14518620216e-05
4;86;2.51306795336e-05
4;87;2.81573809881e-05
4;88;3.73097204258e-05
4;89;2.75532696547e-05
4;90;2.29133569596e-05
4;91;3.07452652292e-05
4;92;2.47312537097e-05
4;93;1.86252110857e-05
4;94;1.89988853987e-05
4;95;2.54755434783e-05
4;96;2.18952531091e-05
4;97;3.23974082073e-05
4;98;2.19131654298e-05
4;99;2.35789738431e-05
8;0;1.95099110348e-05
8;1;2.10721510452e-05
8;2;2.72449869224e-05
8;3;2.75654219347e-05
8;4;2.26271646654e-05
8;5;2.41266164833e-05
8;6;2.2349365278e-05
8;7;2.31395779341e-05
8;8;2.22209054278e-05
8;9;2.18467812409e-05
8;10;2.82954802686e-05
8;11;2.54997960016e-05
8;12;2.81130519529e-05
8;13;2.08599877621e-05
8;14;2.72568687309e-05
8;15;2.19555035129e-05
8;16;2.07434450714e-05
8;17;2.23907332219e-05
8;18;2.12548886244e-05
8;19;2.19567890392e-05
8;20;2.40554236962e-05
8;21;2.63750175833e-05
8;22;1.8913602663e-05
8;23;2.60217889112e-05
8;24;2.7478566718e-05
8;25;2.20887082523e-05
8;26;2.21343406918e-05
8;27;2.62697022767e-05
8;28;2.3552317548e-05
8;29;2.60109592842e-05
8;30;1.96902074035e-05
8;31;1.7604807286e-05
8;32;2.03318152245e-05
8;33;2.72806634657e-05
8;34;2.77818936139e-05
8;35;2.11720867209e-05
8;36;2.08009762592e-05
8;37;2.63342696629e-05
8;38;2.40246011916e-05
8;39;2.77243826704e-05
8;40;2.91420578178e-05
8;41;2.11172429328e-05
8;42;2.34594932749e-05
8;43;2.67876276877e-05
8;44;1.94916575706e-05
8;45;2.80877836866e-05
8;46;2.5557145778e-05
8;47;2.2533349357e-05
8;48;2.67704169046e-05
8;49;2.76650682405e-05
8;50;2.55554041161e-05
8;51;2.38004569688e-05
8;52;1.83248631744e-05
8;53;2.87952084773e-05
8;54;1.99351443304e-05
8;55;2.00996944846e-05
8;56;2.43950039032e-05
8;57;2.26873979067e-05
8;58;2.24201841444e-05
8;59;1.87800480769e-05
8;60;2.70289750613e-05
8;61;2.86325112621e-05
8;62;2.66486640136e-05
8;63;2.49617253545e-05
8;64;2.7773663161e-05
8;65;2.13723925681e-05
8;66;2.10402289177e-05
8;67;2.28993649243e-05
8;68;2.8770906859e-05
8;69;1.97482753173e-05
8;70;1.98917886696e-05
8;71;1.86846038864e-05
8;72;1.93548387097e-05
8;73;2.45483110762e-05
8;74;2.03771124273e-05
8;75;2.02626033393e-05
8;76;2.16875831357e-05
8;77;2.6854769407e-05
8;78;2.69842412031e-05
8;79;2.34492246123e-05
8;80;2.84500417267e-05
8;81;2.29906198271e-05
8;82;2.26545037153e-05
8;83;2.35537968721e-05
8;84;1.88130236292e-05
8;85;2.76834489886e-05
8;86;2.32716892143e-05
8;87;1.8107194592e-05
8;88;2.07710202725e-05
8;89;2.54047828738e-05
8;90;2.71837622327e-05
8;91;1.902008521e-05
8;92;2.35050770967e-05
8;93;2.72370714701e-05
8;94;1.9166879632e-05
8;95;2.44442995893e-05
8;96;1.90558463337e-05
8;97;2.28519195612e-05
8;98;2.62439638883e-05
8;99;2.04671979042e-05
16;0;1.84783679905e-05
16;1;1.90927142203e-05
16;2;1.51803424685e-05
16;3;1.74321309037e-05
16;4;1.87340760354e-05
16;5;2.0713654441e-05
16;6;2.25523213856e-05
16;7;1.78460952744e-05
16;8;1.61338897733e-05
16;9;1.42645212827e-05
16;10;1.57908034361e-05
16;11;1.64322334692e-05
16;12;1.47759959021e-05
16;13;1.71358069823e-05
16;14;1.6438716465e-05
16;15;1.80063382311e-05
16;16;2.0475020475e-05
16;17;1.73042314614e-05
16;18;1.64264750975e-05
16;19;1.70671764063e-05
16;20;2.27589973903e-05
16;21;2.09485503603e-05
16;22;2.05030071077e-05
16;23;2.21225886378e-05
16;24;1.89815752177e-05
16;25;1.54365455069e-05
16;26;2.0577260755e-05
16;27;1.69760072431e-05
16;28;2.04862059547e-05
16;29;1.97680548234e-05
16;30;1.60208484641e-05
16;31;2.19016470039e-05
16;32;1.64524196025e-05
16;33;2.01602064405e-05
16;34;1.79563302049e-05
16;35;1.60276958584e-05
16;36;1.91307009489e-05
16;37;2.36116358141e-05
16;38;2.36414071366e-05
16;39;2.33455767914e-05
16;40;1.96396773856e-05
16;41;2.0587427944e-05
16;42;1.89107413011e-05
16;43;1.89729319504e-05
16;44;1.80853629129e-05
16;45;1.74264603374e-05
16;46;1.62478336222e-05
16;47;1.75110903572e-05
16;48;2.23934073809e-05
16;49;2.25604620383e-05
16;50;1.83016105417e-05
16;51;2.04515706806e-05
16;52;1.92455735181e-05
16;53;1.83508686078e-05
16;54;1.33285942776e-05
16;55;2.1216407355e-05
16;56;2.1985108753e-05
16;57;2.22195887895e-05
16;58;2.263399324e-05
16;59;2.26681980294e-05
16;60;2.17001330941e-05
16;61;1.90008107013e-05
16;62;2.36996776844e-05
16;63;1.98801887293e-05
16;64;1.85763114876e-05
16;65;1.30484707192e-05
16;66;1.73844513467e-05
16;67;1.69262017603e-05
16;68;2.02429149798e-05
16;69;2.22776688647e-05
16;70;1.94764724213e-05
16;71;1.80827466487e-05
16;72;1.66076173605e-05
16;73;2.24148236701e-05
16;74;1.82056510341e-05
16;75;1.76628514907e-05
16;76;2.02156334232e-05
16;77;2.14212270079e-05
16;78;1.83481749682e-05
16;79;1.6073035875e-05
16;80;1.60017068487e-05
16;81;1.73106217975e-05
16;82;1.68539325843e-05
16;83;1.86002678439e-05
16;84;1.40124056498e-05
16;85;2.10768884892e-05
16;86;2.1241644953e-05
16;87;1.93249162587e-05
16;88;1.79925151137e-05
16;89;1.84729064039e-05
16;90;2.1548008964e-05
16;91;1.86289120715e-05
16;92;1.64300736067e-05
16;93;2.21749157353e-05
16;94;1.5873015873e-05
16;95;2.1173282141e-05
16;96;2.07285390526e-05
16;97;1.9381848253e-05
16;98;1.80392534154e-05
16;99;1.73426444064e-05
32;0;1.23100154286e-05
32;1;1.44497533909e-05
32;2;1.48508969942e-05
32;3;1.09221180171e-05
32;4;1.33281205573e-05
32;5;1.42835377466e-05
32;6;1.4650726676e-05
32;7;1.21241513094e-05
32;8;1.42385237499e-05
32;9;1.32112031002e-05
32;10;1.09425153195e-05
32;11;1.20745725601e-05
32;12;1.32691695269e-05
32;13;1.29025598679e-05
32;14;1.50584266956e-05
32;15;1.43381509521e-05
32;16;1.42715786269e-05
32;17;1.5760938091e-05
32;18;1.51551891368e-05
32;19;1.42900693545e-05
32;20;1.36145803079e-05
32;21;1.38868315805e-05
32;22;1.43584638358e-05
32;23;1.14812320127e-05
32;24;1.20792398132e-05
32;25;1.09674777726e-05
32;26;1.03254584504e-05
32;27;1.11233055498e-05
32;28;1.6022902068e-05
32;29;1.62569905059e-05
32;30;1.57147047731e-05
32;31;1.56621977196e-05
32;32;1.27838003682e-05
32;33;1.39768915393e-05
32;34;1.45925752977e-05
32;35;1.48969133596e-05
32;36;1.50409112787e-05
32;37;1.20555519835e-05
32;38;1.26262626263e-05
32;39;1.45168782905e-05
32;40;1.2789032126e-05
32;41;1.27746550843e-05
32;42;1.41578887756e-05
32;43;1.21057558834e-05
32;44;1.17143571161e-05
32;45;1.25889619981e-05
32;46;1.47859001656e-05
32;47;1.43992627577e-05
32;48;1.28945739633e-05
32;49;1.28495065789e-05
32;50;1.29430849412e-05
32;51;1.23116320299e-05
32;52;1.48444303697e-05
32;53;1.34514671067e-05
32;54;1.25868492599e-05
32;55;1.22781743173e-05
32;56;1.49545382039e-05
32;57;1.52507218675e-05
32;58;1.16858834528e-05
32;59;1.15833693705e-05
32;60;1.24883442121e-05
32;61;1.07848494435e-05
32;62;1.30675680385e-05
32;63;1.37559150435e-05
32;64;1.31394533987e-05
32;65;1.1623581923e-05
32;66;1.28618466182e-05
32;67;1.3098148795e-05
32;68;1.35330205702e-05
32;69;1.44486399014e-05
32;70;1.36363636364e-05
32;71;1.47440434065e-05
32;72;1.61847216228e-05
32;73;1.23282267079e-05
32;74;1.16318744378e-05
32;75;1.1914217633e-05
32;76;1.2677484787e-05
32;77;1.24250356184e-05
32;78;1.16546494281e-05
32;79;1.20385232745e-05
32;80;1.52569266447e-05
32;81;1.11249555002e-05
32;82;1.30498329621e-05
32;83;1.6261220242e-05
32;84;1.22617140241e-05
32;85;1.44614554009e-05
32;86;1.45118222979e-05
32;87;1.28459852014e-05
32;88;1.33186532178e-05
32;89;1.34206570754e-05
32;90;1.53707423044e-05
32;91;1.12914395833e-05
32;92;1.34307510476e-05
32;93;1.19362128784e-05
32;94;1.28051903705e-05
32;95;1.35496459026e-05
32;96;1.56373795922e-05
32;97;1.37533925035e-05
32;98;1.25944584383e-05
32;99;1.22553024609e-05
