1000
701
837
309
928
896
598
847
556
1
319
539
854
688
433
549
727
766
85
822
167
958
559
304
578
237
711
981
701
115
895
181
817
733
842
97
629
440
945
537
442
616
77
648
304
510
197
383
277
634
205
796
592
116
452
523
353
163
504
406
631
399
587
448
132
429
897
113
222
842
651
664
810
728
664
466
238
213
849
867
847
406
663
440
522
468
315
227
983
819
633
614
570
572
62
55
354
312
168
576
506
819
592
317
547
256
783
138
821
633
5
668
39
21
460
914
489
775
141
472
946
127
87
517
699
501
572
53
813
740
981
320
560
573
637
459
181
772
597
2
405
955
671
797
976
483
63
465
259
204
937
205
683
376
74
383
878
646
788
43
739
770
363
651
695
352
110
877
125
60
879
882
15
902
31
991
386
94
456
997
651
745
554
334
122
629
69
352
627
210
395
718
332
111
369
27
815
480
904
292
540
136
527
555
390
558
898
128
5
706
125
8
451
32
342
925
661
764
629
640
974
377
359
306
488
80
685
655
560
942
948
452
78
827
359
820
385
257
949
742
963
74
750
767
106
445
44
119
209
674
112
535
51
823
193
891
903
878
898
816
820
198
268
250
25
980
71
411
237
372
505
553
446
256
672
905
701
716
376
262
742
488
797
793
663
342
36
567
220
935
383
393
133
651
643
511
983
66
274
573
438
779
126
237
35
798
494
88
866
870
702
609
711
851
754
374
193
143
293
766
78
676
159
563
680
154
426
663
221
700
236
11
480
714
600
867
512
94
308
731
317
10
340
380
862
94
106
407
237
400
173
667
428
332
583
108
839
9
124
412
710
360
423
542
75
24
409
939
470
69
670
139
80
362
519
294
809
626
701
46
378
875
66
806
559
1
267
398
10
391
810
72
103
586
966
178
962
376
470
784
445
492
924
877
855
443
171
664
421
225
62
151
452
480
310
363
481
577
762
844
968
924
268
71
862
235
602
824
963
424
609
760
916
533
638
123
328
161
139
102
386
554
253
190
34
563
554
868
492
668
712
812
592
332
884
807
567
838
631
530
262
592
291
530
477
281
654
158
442
145
260
181
699
865
371
734
429
925
954
273
593
666
86
538
998
322
345
918
160
328
448
774
273
91
656
102
724
310
260
167
808
872
700
507
738
423
593
519
701
547
792
294
565
878
184
916
200
881
834
712
562
634
486
835
78
143
937
802
805
550
321
613
422
21
473
160
445
418
679
146
966
824
792
883
702
329
799
255
210
633
967
772
268
806
959
698
949
897
500
106
447
822
72
221
195
897
382
640
315
413
138
633
237
283
517
292
612
316
899
174
302
866
947
922
672
906
620
973
155
472
432
954
294
856
176
490
753
558
482
420
323
621
54
913
904
923
557
868
591
456
42
893
322
989
815
347
248
787
672
755
260
104
710
906
960
886
396
65
796
231
486
471
204
540
384
108
463
293
328
54
749
370
300
72
712
467
771
312
255
443
67
867
900
129
773
860
367
522
278
163
753
764
987
957
304
723
417
119
17
745
525
766
467
825
190
179
645
313
491
900
757
911
119
657
40
892
869
408
766
147
923
519
263
910
828
567
986
245
38
3
342
916
121
810
741
664
341
738
977
833
638
86
744
109
95
136
2
965
544
120
464
468
640
728
730
468
647
716
66
38
71
760
954
193
570
47
857
264
786
186
449
776
273
193
886
368
681
240
685
226
360
150
694
352
230
776
173
229
493
239
267
564
999
221
109
922
269
318
538
407
505
987
183
778
532
69
498
213
661
184
439
22
686
485
374
268
262
547
497
107
138
765
671
490
338
133
764
959
451
302
366
956
289
550
86
821
971
585
34
985
121
826
7
159
663
733
427
925
633
924
384
123
689
408
965
380
541
729
339
992
383
706
301
24
608
387
845
931
324
232
916
797
58
275
956
73
9
383
999
994
308
383
469
349
791
435
729
684
164
69
677
900
127
978
924
87
717
770
18
394
354
935
191
764
562
148
837
571
883
188
917
191
924
387
893
67
822
622
752
338
43
429
590
170
759
515
609
476
637
628
222
343
915
414
107
477
914
296
401
797
485
318
989
409
57
234
476
231
856
580
922
252
9
512
774
120
379
384
597
368
12
171
711
279
585
818
756
499
115
157
649
952
828
990
713
237
224
189
821
80
770
743
684
131
607
459
252
339
843
201
707
207
372
419
486
310
589
242
161
56
752
810
8
932
800
721
169
24
263
990
457
385
85
141
868
45
600
120
384
795
673
91
2
398
510
840
708
452
435
221
508
